version https://git-lfs.github.com/spec/v1
oid sha256:45e760938da3b472ede482fb11329d0b69755cce5cc24782189099c971d92f53
size 5415
